40831154
40932134
41023249
41031136
41036112
41123219
41123236
41123240
41123247
41124116
41323101
41323102
41323103
41323104
41323105
41323106
41323107
41323108
41323109
41323110
41323111
41323112
41323113
41323114
41323115
41323116
41323117
41323118
41323119
41323120
41323121
41323122
41323123
41323124
41323125
41323126
41323127
41323128
41323129
41323130
41323131
41323132
41323133
41323134
41323135
41323136
41323137
41323138
41323139
41323140
41323141
41323142
41323143
41323144
41323145
41323146
41323147
41323148
41323149
41323150
41323151
41323152
41323153
