40823932
41023137
41071203
41071205
41123144
41123242
41323201
41323202
41323203
41323204
41323205
41323207
41323208
41323209
41323210
41323211
41323212
41323213
41323214
41323215
41323216
41323217
41323218
41323219
41323220
41323221
41323222
41323223
41323224
41323225
41323226
41323227
41323228
41323229
41323230
41323231
41323232
41323233
41323234
41323235
41323236
41323237
41323238
41323240
41323241
41323242
41323243
41323244
41323245
41323246
41323247
41323248
41323249
41323250
41323251
41323252
